OPTUNA STUDY - FOLD 1
Best Trial Number: 40
Best Validation Accuracy: 0.8295

Best Hyperparameters:
  model_dim           : 32
  num_heads           : 8
  num_layers          : 3
  d_ff                : 256
  dropout             : 0.12281570220908891
  learning_rate       : 0.0002912623775216651
  weight_decay        : 0.00016228510005606125
  batch_size          : 32
